10
10 10

1.0 2.0 3.5 4.0 5.0 6.0 7.0 8.0 9.0 10.0
2.6 4.6 2.5 9.5 4.3 5.6 8.4 4.2 8.6 2.1 
3.6 4.8 2.5 5.6 1.0 2.7 9.4 3.4 1.4 2.5
1.0 2.0 3.5 4.0 5.0 6.0 7.0 8.0 9.0 10.0
2.6 4.6 2.5 9.5 4.3 5.6 8.4 4.2 8.6 2.1 
3.6 4.8 2.5 5.6 1.0 2.7 9.4 3.4 1.4 2.5 
1.0 2.0 3.5 4.0 5.0 6.0 7.0 8.0 9.0 10.0
2.6 4.6 2.5 9.5 4.3 5.6 8.4 4.2 8.6 2.1 
3.6 4.8 2.5 5.6 1.0 2.7 9.4 3.4 1.4 2.5 
3.6 4.8 2.5 5.6 1.0 2.7 9.4 3.4 1.4 2.5 

1.0 2.0 3.5 4.0 5.0 6.0 7.0 8.0 9.0 10.0
2.6 4.6 2.5 9.5 4.3 5.6 8.4 4.2 8.6 2.1 
3.6 4.8 2.5 5.6 1.0 2.7 9.4 3.4 1.4 2.5
1.0 2.0 3.5 4.0 5.0 6.0 7.0 8.0 9.0 10.0
2.6 4.6 2.5 9.5 4.3 5.6 8.4 4.2 8.6 2.1 
3.6 4.8 2.5 5.6 1.0 2.7 9.4 3.4 1.4 2.5 
1.0 2.0 3.5 4.0 5.0 6.0 7.0 8.0 9.0 10.0
2.6 4.6 2.5 9.5 4.3 5.6 8.4 4.2 8.6 2.1 
3.6 4.8 2.5 5.6 1.0 2.7 9.4 3.4 1.4 2.5 
3.6 4.8 2.5 5.6 1.0 2.7 9.4 3.4 1.4 2.5

1.0 2.0 3.5 4.0 5.0 6.0 7.0 8.0 9.0 10.0
2.6 4.6 2.5 9.5 4.3 5.6 8.4 4.2 8.6 2.1 
3.6 4.8 2.5 5.6 1.0 2.7 9.4 3.4 1.4 2.5
1.0 2.0 3.5 4.0 5.0 6.0 7.0 8.0 9.0 10.0
2.6 4.6 2.5 9.5 4.3 5.6 8.4 4.2 8.6 2.1 
3.6 4.8 2.5 5.6 1.0 2.7 9.4 3.4 1.4 2.5 
1.0 2.0 3.5 4.0 5.0 6.0 7.0 8.0 9.0 10.0
2.6 4.6 2.5 9.5 4.3 5.6 8.4 4.2 8.6 2.1 
3.6 4.8 2.5 5.6 1.0 2.7 9.4 3.4 1.4 2.5 
3.6 4.8 2.5 5.6 1.0 2.7 9.4 3.4 1.4 2.5 

1.0 2.0 3.5 4.0 5.0 6.0 7.0 8.0 9.0 10.0
2.6 4.6 2.5 9.5 4.3 5.6 8.4 4.2 8.6 2.1 
3.6 4.8 2.5 5.6 1.0 2.7 9.4 3.4 1.4 2.5
1.0 2.0 3.5 4.0 5.0 6.0 7.0 8.0 9.0 10.0
2.6 4.6 2.5 9.5 4.3 5.6 8.4 4.2 8.6 2.1 
3.6 4.8 2.5 5.6 1.0 2.7 9.4 3.4 1.4 2.5 
1.0 2.0 3.5 4.0 5.0 6.0 7.0 8.0 9.0 10.0
2.6 4.6 2.5 9.5 4.3 5.6 8.4 4.2 8.6 2.1 
3.6 4.8 2.5 5.6 1.0 2.7 9.4 3.4 1.4 2.5 
3.6 4.8 2.5 5.6 1.0 2.7 9.4 3.4 1.4 2.5 

1.0 2.0 3.5 4.0 5.0 6.0 7.0 8.0 9.0 10.0
2.6 4.6 2.5 9.5 4.3 5.6 8.4 4.2 8.6 2.1 
3.6 4.8 2.5 5.6 1.0 2.7 9.4 3.4 1.4 2.5
1.0 2.0 3.5 4.0 5.0 6.0 7.0 8.0 9.0 10.0
2.6 4.6 2.5 9.5 4.3 5.6 8.4 4.2 8.6 2.1 
3.6 4.8 2.5 5.6 1.0 2.7 9.4 3.4 1.4 2.5 
1.0 2.0 3.5 4.0 5.0 6.0 7.0 8.0 9.0 10.0
2.6 4.6 2.5 9.5 4.3 5.6 8.4 4.2 8.6 2.1 
3.6 4.8 2.5 5.6 1.0 2.7 9.4 3.4 1.4 2.5 
3.6 4.8 2.5 5.6 1.0 2.7 9.4 3.4 1.4 2.5 

1.0 2.0 3.5 4.0 5.0 6.0 7.0 8.0 9.0 10.0
2.6 4.6 2.5 9.5 4.3 5.6 8.4 4.2 8.6 2.1 
3.6 4.8 2.5 5.6 1.0 2.7 9.4 3.4 1.4 2.5
1.0 2.0 3.5 4.0 5.0 6.0 7.0 8.0 9.0 10.0
2.6 4.6 2.5 9.5 4.3 5.6 8.4 4.2 8.6 2.1 
3.6 4.8 2.5 5.6 1.0 2.7 9.4 3.4 1.4 2.5 
1.0 2.0 3.5 4.0 5.0 6.0 7.0 8.0 9.0 10.0
2.6 4.6 2.5 9.5 4.3 5.6 8.4 4.2 8.6 2.1 
3.6 4.8 2.5 5.6 1.0 2.7 9.4 3.4 1.4 2.5 
3.6 4.8 2.5 5.6 1.0 2.7 9.4 3.4 1.4 2.5 

1.0 2.0 3.5 4.0 5.0 6.0 7.0 8.0 9.0 10.0
2.6 4.6 2.5 9.5 4.3 5.6 8.4 4.2 8.6 2.1 
3.6 4.8 2.5 5.6 1.0 2.7 9.4 3.4 1.4 2.5
1.0 2.0 3.5 4.0 5.0 6.0 7.0 8.0 9.0 10.0
2.6 4.6 2.5 9.5 4.3 5.6 8.4 4.2 8.6 2.1 
3.6 4.8 2.5 5.6 1.0 2.7 9.4 3.4 1.4 2.5 
1.0 2.0 3.5 4.0 5.0 6.0 7.0 8.0 9.0 10.0
2.6 4.6 2.5 9.5 4.3 5.6 8.4 4.2 8.6 2.1 
3.6 4.8 2.5 5.6 1.0 2.7 9.4 3.4 1.4 2.5 
3.6 4.8 2.5 5.6 1.0 2.7 9.4 3.4 1.4 2.5 

1.0 2.0 3.5 4.0 5.0 6.0 7.0 8.0 9.0 10.0
2.6 4.6 2.5 9.5 4.3 5.6 8.4 4.2 8.6 2.1 
3.6 4.8 2.5 5.6 1.0 2.7 9.4 3.4 1.4 2.5
1.0 2.0 3.5 4.0 5.0 6.0 7.0 8.0 9.0 10.0
2.6 4.6 2.5 9.5 4.3 5.6 8.4 4.2 8.6 2.1 
3.6 4.8 2.5 5.6 1.0 2.7 9.4 3.4 1.4 2.5 
1.0 2.0 3.5 4.0 5.0 6.0 7.0 8.0 9.0 10.0
2.6 4.6 2.5 9.5 4.3 5.6 8.4 4.2 8.6 2.1 
3.6 4.8 2.5 5.6 1.0 2.7 9.4 3.4 1.4 2.5 
3.6 4.8 2.5 5.6 1.0 2.7 9.4 3.4 1.4 2.5 

1.0 2.0 3.5 4.0 5.0 6.0 7.0 8.0 9.0 10.0
2.6 4.6 2.5 9.5 4.3 5.6 8.4 4.2 8.6 2.1 
3.6 4.8 2.5 5.6 1.0 2.7 9.4 3.4 1.4 2.5
1.0 2.0 3.5 4.0 5.0 6.0 7.0 8.0 9.0 10.0
2.6 4.6 2.5 9.5 4.3 5.6 8.4 4.2 8.6 2.1 
3.6 4.8 2.5 5.6 1.0 2.7 9.4 3.4 1.4 2.5 
1.0 2.0 3.5 4.0 5.0 6.0 7.0 8.0 9.0 10.0
2.6 4.6 2.5 9.5 4.3 5.6 8.4 4.2 8.6 2.1 
3.6 4.8 2.5 5.6 1.0 2.7 9.4 3.4 1.4 2.5 
3.6 4.8 2.5 5.6 1.0 2.7 9.4 3.4 1.4 2.5 

1.0 2.0 3.5 4.0 5.0 6.0 7.0 8.0 9.0 10.0
2.6 4.6 2.5 9.5 4.3 5.6 8.4 4.2 8.6 2.1 
3.6 4.8 2.5 5.6 1.0 2.7 9.4 3.4 1.4 2.5
1.0 2.0 3.5 4.0 5.0 6.0 7.0 8.0 9.0 10.0
2.6 4.6 2.5 9.5 4.3 5.6 8.4 4.2 8.6 2.1 
3.6 4.8 2.5 5.6 1.0 2.7 9.4 3.4 1.4 2.5 
1.0 2.0 3.5 4.0 5.0 6.0 7.0 8.0 9.0 10.0
2.6 4.6 2.5 9.5 4.3 5.6 8.4 4.2 8.6 2.1 
3.6 4.8 2.5 5.6 1.0 2.7 9.4 3.4 1.4 2.5 
3.6 4.8 2.5 5.6 1.0 2.7 9.4 3.4 1.4 2.5 
